2
49
1 "Dota 2" 
2 "Black Myth: wukong" 
3 "PUBG: battlegrounds"
4 "Call of duty:warzone" 
5 "grand Theft Auto V"	
6 "Rust"
7 "Once human" 
8 "Apex Legends"
9 "Baldur's Gate 3" 
10 "War Thunder"
11 "Football Manager 2024" 
12 "Path of Exile" 
13 "Tom Clancy's Rainbow Six Siege" 
14 "Sid Meier's Civilization VI" 
15 "Elden Ring" 
16 "Team Fortress 2" 
17 "NARAKA: BLADEPOINT" 
18 "EA SPORTS FC 24" 
19 "7 Days to Die" 
20 "Stardew Valley" 
21 "Dead by Daylight" 
22 "Warframe" 
23 "Hearts of Iron IV"
24 "The First Descendant" 
25 "DayZ" 
26 "Hogwarts Legacy"
27 "Warhammer 40,000: Space Marine 2" 
28 "Red Dead Redemption 2" 
29 "Kingdom Come: Deliverance"
30 "GUNDAM BREAKER 4"
31 "Age of Mythology: Retold" 
32 "Visions of Mana" 
33 "It Takes Two" 
34 "CarX Street" 
35 "Risk of Rain 2" 
36 "Diablo IV"
37 "The Lord of the Rings: Return to Moria"
38 "Squirrel with a Gun"
39 "JardaPoker"
40 "Eternal Return"
41 "Megaloot"
42 "Core Keeper"
43 "Tales of Arise"
44 "MEMORIAPOLIS"
45 "NBA 2K25"
46 "ARK: Survival Ascended"
47 "SMITE 2"
48 "Dying Light 2 Stay Human: Reloaded Edition"
48 "Dying Light 2 Stay Human: Reloaded Edition"
299
0 8 3
0 11 2
0 14 2
0 30 2
0 31 2
0 35 2
0 38 2
0 39 3
0 40 2
0 42 2
0 45 2
0 46 4
1 4 2
1 11 3
1 14 3
1 16 2
1 23 2
1 25 2
1 26 2
1 27 2
1 28 3
1 31 4
1 35 3
1 36 2
1 41 2
1 42 2
1 45 2
1 47 2
2 3 2
2 4 2
2 7 3
2 12 2
2 15 2
2 21 2
2 27 2
2 34 2
2 46 2
2 48 3
3 7 2
3 12 4
3 15 3
3 16 2
3 48 2
4 5 2
4 6 2
4 14 2
4 21 2
4 25 3
4 27 3
4 28 2
4 31 2
4 34 3
4 42 2
4 47 2
5 6 5
5 9 2
5 18 4
5 20 2
5 21 2
5 23 2
5 24 3
5 34 2
5 41 3
5 45 3
5 47 2
6 9 2
6 18 4
6 20 2
6 21 2
6 23 2
6 24 3
6 34 2
6 41 3
6 45 3
6 47 2
7 12 2
7 15 2
7 27 2
7 48 2
8 10 2
8 11 3
8 13 3
8 14 2
8 20 2
8 21 2
8 23 2
8 29 2
8 30 2
8 31 2
8 35 2
8 38 2
8 40 3
8 42 2
8 45 2
8 46 2
9 10 2
9 12 2
9 13 3
9 17 2
9 21 2
9 22 2
9 23 2
9 26 2
9 33 2
9 37 2
9 44 2
10 13 3
10 17 4
10 19 2
10 20 2
10 22 3
10 30 3
10 33 2
10 38 2
10 43 3
10 44 4
11 14 2
11 16 3
11 21 2
11 23 3
11 26 2
11 29 2
11 31 3
11 32 2
11 35 3
11 36 2
11 42 2
11 45 2
12 13 2
12 15 4
12 16 2
12 17 2
12 24 2
12 38 2
12 44 2
12 48 3
13 17 2
13 20 2
13 22 3
13 30 2
13 33 2
13 38 2
13 40 2
13 43 2
13 44 2
14 25 3
14 27 2
14 28 3
14 30 2
14 31 4
14 35 3
14 36 2
14 42 3
14 45 3
14 47 2
15 16 2
15 17 2
15 24 2
15 38 2
15 39 2
15 44 2
15 48 4
16 17 2
16 23 2
16 26 2
16 32 2
16 38 2
16 44 2
16 48 2
17 19 2
17 22 2
17 30 2
17 33 2
17 38 2
17 43 2
17 44 5
17 48 2
18 20 2
18 24 3
18 25 2
18 32 2
18 33 2
18 41 4
18 43 2
18 45 3
18 47 3
19 22 2
19 30 3
19 42 2
19 43 3
19 44 2
20 21 2
20 24 2
20 29 2
20 32 2
20 34 2
20 38 2
20 39 2
20 46 2
20 47 2
20 48 2
21 23 4
21 29 3
21 32 2
21 34 2
21 42 2
21 46 2
21 48 2
22 30 3
22 43 3
22 44 2
23 26 2
23 29 2
23 31 2
23 32 2
24 27 2
24 41 2
24 45 2
24 47 2
24 48 2
25 27 3
25 28 2
25 30 2
25 31 3
25 32 2
25 34 2
25 35 3
25 36 3
25 41 2
25 42 3
25 43 2
25 45 2
25 47 3
27 28 2
27 31 2
27 34 2
27 42 2
27 47 2
27 48 2
28 29 2
28 31 3
28 35 2
28 40 2
28 42 2
28 45 2
28 47 2
29 32 2
29 42 2
29 46 2
29 48 2
30 31 2
30 35 2
30 36 2
30 42 2
30 43 4
30 44 2
30 45 2
31 35 3
31 36 3
31 41 2
31 42 3
31 45 3
31 47 2
32 33 2
32 36 2
32 41 2
32 48 2
33 37 2
33 43 2
33 44 2
34 42 2
34 47 2
35 36 3
35 42 3
35 43 2
35 45 2
35 47 2
36 41 2
36 42 2
36 43 2
36 47 2
37 43 2
38 39 2
38 44 2
38 46 2
38 48 2
39 46 3
39 48 2
40 46 2
41 43 2
41 45 3
41 47 3
42 45 2
42 46 2
43 44 2
43 47 2
44 48 2
45 47 2
46 48 2
